1.625263318955951330e+00
1.608602000353991146e+00
1.590814636257475545e+00
1.574763830921324104e+00
1.560093175009181987e+00
1.543999784813933074e+00
1.528998457694023871e+00
1.513652411458048519e+00
1.499557953015785872e+00
1.483767733486214713e+00
1.469285151966169156e+00
1.455292055184992384e+00
1.439333542722462056e+00
1.423261553484706621e+00
1.406918097255675182e+00
1.393089453053022009e+00
1.380680537817590592e+00
1.367160309496768811e+00
1.351876249540027164e+00
1.337054455105004092e+00
1.322663973274816884e+00
1.307897947387007376e+00
1.294582071696577241e+00
1.281932238199388951e+00
1.269638247059245106e+00
1.258894803444537080e+00
1.245293423473829320e+00
1.232808020849014641e+00
1.221276552937578419e+00
1.206835911635136371e+00
1.194769243658687863e+00
1.181119765554658141e+00
1.168456025621200434e+00
1.156058333725490606e+00
1.143278221928657024e+00
1.131944299176964819e+00
1.120081865874603677e+00
1.107406263801798074e+00
1.096906548657507807e+00
1.085106503207601492e+00
1.073359963258329497e+00
1.062532014354006238e+00
1.050394706328606542e+00
1.038494247635213252e+00
1.026603720728512581e+00
1.014962655097414013e+00
1.004781348754721471e+00
9.942403368391773411e-01
9.825049308054788488e-01
9.731600016546340104e-01
9.629848624678271074e-01
9.512682552237918809e-01
9.411304045250246109e-01
9.300915055917978735e-01
9.201900069862488651e-01
9.098940148286831509e-01
9.001789237618499362e-01
8.895668532760967473e-01
8.792989179451184967e-01
8.692577693536258643e-01
8.601725507735413778e-01
8.504743287124886253e-01
8.408295773686288443e-01
8.314253548990097054e-01
8.209660901643937025e-01
8.124388507595866615e-01
8.044179315899142590e-01
7.944938958349028191e-01
7.861725228640521479e-01
7.778705674307426765e-01
7.687156141703137546e-01
7.584026592735043648e-01
7.493748113294441682e-01
7.412555735787272893e-01
7.324844087179277485e-01
7.261850062749835022e-01
7.184832081353410560e-01
7.122327892034495678e-01
7.046453196770985361e-01
6.976249872086874859e-01
6.880201569018598029e-01
6.810940458568321976e-01
6.734450215912023419e-01
6.666639690898247261e-01
6.599530745283693767e-01
6.524954161659575202e-01
6.450262195767767492e-01
6.357573429971821177e-01
6.284721050706852941e-01
6.214889164424910462e-01
6.157624644060913921e-01
6.093165445462447316e-01
6.022841539287918655e-01
5.962955907742626405e-01
5.918253209038971674e-01
5.862996565735140164e-01
5.794711772571375930e-01
5.729799671235586978e-01
5.658585291872391121e-01
5.590260484942374264e-01
5.531679021701533250e-01
5.469275582456497586e-01
5.408547396201712765e-01
5.355981926547159766e-01
5.302643852940758240e-01
5.250430992079828663e-01
5.191758387911014072e-01
5.135811121977105209e-01
5.088588103809525975e-01
5.027811507575494776e-01
4.965465623879995460e-01
4.905194771003819065e-01
4.854769401358581815e-01
4.789357131207212515e-01
4.726377236258073600e-01
4.680789755925842122e-01
4.624502568806815872e-01
4.563213789350760718e-01
4.515391275534431093e-01
4.460354245661730666e-01
4.411992422918543655e-01
4.361970587555477064e-01
4.321259926053523936e-01
4.280118995654969005e-01
4.233054564032324718e-01
4.189391657734838903e-01
4.141366337524275409e-01
4.094776798787727601e-01
4.053374895405414402e-01
4.008700614691269593e-01
3.966981510352567408e-01
3.926637782829737744e-01
3.885916855701025963e-01
3.846130356333661848e-01
3.807620526774260217e-01
3.771661484551869226e-01
3.728692070096695788e-01
3.690631730656627751e-01
3.645561437103461699e-01
3.607469817625351127e-01
3.572104178912930972e-01
3.525836675054195846e-01
3.488280764383495658e-01
3.458937496391026878e-01
3.418858021362139454e-01
3.377909942477997918e-01
3.344868731907860715e-01
3.313019792378291695e-01
3.274673315363255677e-01
3.244019548386430918e-01
3.213704281521835293e-01
3.187467353259216818e-01
3.155843885177826436e-01
3.119775702556243369e-01
3.088594102383905304e-01
3.051466353525952857e-01
3.018995817042531282e-01
2.986736104787561241e-01
2.948768958869922296e-01
2.916237620097513750e-01
2.891029822764454860e-01
2.855575973701568460e-01
2.822777596016591839e-01
2.795763075273958176e-01
2.770547424657136548e-01
2.741960368351480937e-01
2.715832782248188693e-01
2.681716956607106961e-01
2.651061246464805898e-01
2.624125112546349947e-01
2.598904857003856428e-01
2.576578336727005092e-01
2.552210700506577501e-01
2.528330921946780885e-01
2.505635842634761912e-01
2.476482629322849793e-01
2.451507657537520535e-01
2.428302047051350554e-01
2.408031802264743448e-01
2.374729586382189339e-01
2.353157666692576311e-01
2.329555587184286014e-01
2.309068378976021352e-01
2.285791381953199419e-01
2.267045852282442708e-01
2.245099036822278959e-01
2.214743882245011064e-01
2.195724868365922788e-01
2.171040410046395919e-01
2.144380858824071479e-01
2.119220438614128899e-01
2.102509932129975612e-01
2.084655685588670537e-01
2.063302316225925914e-01
2.047161159868681468e-01
2.030459074889944260e-01
2.006842463395061005e-01
1.984115578897673871e-01
1.967368520345497973e-01
1.950840073360313454e-01
1.933664695147140344e-01
1.914369459096633141e-01
1.894905927576766846e-01
1.877728498429553361e-01
1.857726677987694419e-01
1.846207675114774349e-01
1.828157201207008808e-01
1.813990223794874623e-01
1.794224399684321292e-01
1.778306930206368652e-01
1.764730106164403844e-01
1.750244269044197720e-01
1.736670596787322218e-01
1.720933189719588141e-01
1.703738202454082307e-01
1.688252199456455327e-01
1.669883319296062429e-01
1.655314258835581531e-01
1.641156924566624098e-01
1.623217941749289794e-01
1.609301141472728458e-01
1.593624332172906277e-01
1.578428626376411348e-01
1.565432167064819136e-01
1.554261395898205445e-01
1.538817453748537178e-01
1.520225785191454126e-01
1.511062597730454815e-01
1.495174209667793630e-01
1.476205878592924681e-01
1.463594327522888261e-01
1.455268804073113209e-01
1.441291688049943787e-01
1.432625760620225286e-01
1.420835002666950841e-01
1.403760976669632676e-01
1.390780286145561762e-01
1.380496693530809116e-01
1.367951844712916309e-01
1.350356676290195290e-01
1.337402101140793276e-01
1.326396430117930403e-01
1.312823730673379208e-01
1.299621957471670530e-01
1.283787257753010447e-01
1.269473757353186127e-01
1.261497242540090546e-01
1.248274374864443148e-01
1.238186128011401627e-01
1.228163005651165540e-01
1.217070606855067683e-01
1.204676424025790671e-01
1.195755716830120829e-01
1.186520521823310470e-01
1.172160947237189943e-01
1.160398120162308283e-01
1.147327383152305924e-01
1.136941443376969785e-01
1.126012145538587417e-01
1.118210436162596078e-01
1.109833737786843633e-01
1.100492495615837257e-01
1.092630881047963465e-01
1.083887053602958506e-01
1.074590726719575895e-01
1.065675347855716826e-01
1.053555840106381869e-01
1.044930497320429030e-01
1.034815659969912649e-01
1.027378512922492160e-01
1.020832197871728575e-01
1.007513886239657930e-01
9.973654469348786078e-02
9.902181653221156510e-02
9.787764690798736456e-02
9.677767904285347611e-02
9.596786411970201214e-02
9.527089058649008957e-02
9.456958967902331925e-02
9.394020838191841083e-02
9.325320923183078037e-02
9.254158448046512220e-02
9.172257941719243191e-02
9.093876079381416067e-02
9.032010343108765049e-02
8.962041879520168952e-02
8.881151386524197000e-02
8.780754721876218860e-02
8.693750990234590248e-02
8.612833222517765619e-02
8.555504854310050367e-02
8.495123307300593563e-02
8.412042921458018352e-02
8.308379956562220170e-02
8.240266770054290035e-02
8.154537408826456613e-02
8.088043861046556593e-02
8.000012582273134665e-02
7.938136063622042160e-02
7.860515155110060770e-02
7.793820997432657216e-02
7.740663292120064654e-02
7.689545437774528147e-02
7.622398258638810042e-02
7.531662985029279056e-02
7.455463787300087297e-02
7.380095798349857461e-02
7.321286954787824264e-02
7.250605051248265598e-02
7.191794368208036248e-02
7.124749141711897438e-02
7.061106679838394240e-02
7.009591593995039005e-02
6.957686089898501569e-02
6.889319890920478362e-02
6.822939980473612109e-02
6.764890048662519639e-02
6.736033601254295955e-02
6.675318402507210425e-02
6.621084023971808563e-02
6.568686782747880371e-02
6.533919768771331849e-02
6.490049400474648400e-02
6.434390527794241199e-02
6.397778375302229370e-02
6.331051199747267377e-02
6.274344222417485573e-02
6.230910002089616595e-02
6.179632963360978670e-02
6.127434712144180784e-02
6.049088542514410166e-02
6.014916584420238604e-02
5.935455452596118120e-02
5.873293021822922899e-02
5.837875070784151466e-02
5.788222261624358100e-02
5.718446405738272786e-02
5.678395177312220432e-02
5.627048215655883895e-02
5.585879331286716654e-02
5.533935598128550404e-02
5.505767649719603418e-02
5.455410084049803349e-02
5.409988129444412430e-02
5.370251038990546399e-02
5.323886545880256171e-02
5.284008489444273066e-02
5.242040959444470294e-02
5.207273916257496721e-02
5.152863484086114138e-02
5.107039978563045202e-02
5.072900796629721543e-02
5.023222815805296337e-02
4.988438155860827616e-02
4.951283307412265855e-02
4.912468571454341876e-02
4.872113641485448926e-02
4.836811266274882587e-02
4.794760605749566473e-02
4.759877029554097916e-02
4.722584030941034960e-02
4.690833434676491137e-02
4.655009324152556416e-02
4.611109676443947425e-02
4.567443491987214360e-02
4.524452656914333681e-02
4.498470885095551958e-02
4.487053339260006768e-02
4.454785963340487931e-02
4.427375269417176823e-02
4.388968267840055726e-02
4.348650980851056363e-02
4.342959094239264017e-02
4.322939851206139550e-02
4.303674347048712379e-02
4.262838341883758153e-02
4.216949080866019134e-02
4.172916852319034919e-02
4.151569988462774918e-02
4.119664969464197080e-02
4.074143616950038488e-02
4.032994973726644616e-02
4.003835391060717869e-02
3.973315790106961981e-02
3.944436424706340705e-02
3.918555137133108990e-02
3.885224240030992621e-02
3.858829339478499210e-02
3.829357556610928776e-02
3.809933132558548929e-02
3.792600256992954832e-02
3.755985412810321916e-02
3.720177858433485613e-02
3.691258543679724197e-02
3.661558714066912718e-02
3.641850017438707371e-02
3.629719702855066510e-02
3.608010546676884700e-02
3.579614725138751535e-02
3.543559195740618450e-02
3.514725308532137132e-02
3.501763037977210363e-02
3.483075891655051937e-02
3.464007485374449857e-02
3.447888934695693408e-02
3.433253278540195769e-02
3.405501479602665582e-02
3.376441095997335939e-02
3.341171279891638757e-02
3.307055399761833075e-02
3.293115518921146262e-02
3.267349123319032711e-02
3.229166017850338549e-02
3.189323121712001746e-02
3.165699128780385951e-02
3.156319936145081384e-02
3.127251592471664426e-02
3.101706285230279581e-02
3.071768898933749034e-02
3.050974281871362409e-02
3.012537350212988324e-02
3.009256696872513598e-02
2.983548333275801157e-02
2.960380615680966929e-02
2.927609030039866195e-02
2.902259955092125268e-02
2.873796173648629493e-02
2.853363393186614944e-02
2.834954785100093563e-02
2.819980193215236228e-02
2.794250547869283827e-02
2.773086697119213351e-02
2.748381264341296509e-02
2.751717361843002141e-02
2.716090248120658218e-02
2.693017572899902498e-02
2.670267445361778486e-02
2.649791335620496971e-02
2.631452682450389352e-02
2.616430403504385258e-02
2.598674060188474119e-02
2.570071204506067450e-02
2.559478590753463956e-02
2.542895680715689943e-02
2.522148893968032685e-02
2.503581797263335768e-02
2.479799006564620614e-02
2.455416576402568926e-02
2.443941762477684632e-02
2.422431322777578167e-02
2.409072009028154562e-02
2.391908979866659915e-02
2.378249758947447931e-02
2.364156439889694705e-02
2.352079616710006996e-02
2.336709393676324187e-02
2.329797827974608090e-02
2.310362025512401052e-02
2.292755253467324353e-02
2.280163063803591211e-02
2.273628245692691993e-02
2.263940362151090069e-02
2.246821501253066372e-02
2.236812894040994190e-02
2.225864903845370738e-02
2.222693244958297981e-02
2.222807072414852494e-02
2.196799473816510653e-02
2.186242414929211175e-02
2.180509999151847983e-02
2.163066625306321947e-02
2.147131816467046095e-02
2.125656078762640233e-02
2.113514949550709260e-02
2.098511532231480889e-02
2.094792239099175710e-02
2.085293735121239098e-02
2.061002876126328404e-02
2.048548468320354407e-02
2.025447932245588722e-02
2.013459848887377834e-02
2.001797989532028144e-02
1.974269543591012158e-02
1.966074561481415475e-02
1.951731010738896530e-02
1.942576827626796288e-02
1.933175009474569217e-02
1.921805604598483819e-02
1.917469958772927141e-02
1.912587526286687808e-02
1.910615187404511930e-02
1.901294195475634885e-02
1.887395024030510959e-02
1.868784709337191138e-02
1.851676677487837028e-02
1.834328191525060048e-02
1.824115848508366805e-02
1.817960915271150599e-02
1.798749844474771542e-02
1.784694658892968522e-02
1.775240735228873767e-02
1.770674991188794095e-02
1.753958028934171978e-02
1.748384713401805735e-02
1.741937943043892628e-02
1.737234729667342867e-02
1.723410891049772034e-02
1.707719810517393730e-02
1.696529708382911450e-02
1.697826656427815079e-02
1.693537747716841041e-02
1.681877730831333670e-02
1.678067221544914459e-02
1.671847392288398557e-02
1.665533394187732399e-02
1.655645519034816895e-02
1.656964337830613837e-02
1.645616452035809571e-02
1.631060193474682257e-02
1.622757389911962805e-02
1.612979600734610816e-02
1.612925692008165129e-02
1.609919666536339944e-02
1.601130903418415338e-02
1.587425639644809636e-02
1.586656199512584062e-02
1.579441063302539777e-02
1.575042915106714472e-02
1.562728671688580137e-02
1.561661452796393734e-02
1.548824278612505323e-02
1.536279045239942118e-02
1.532690955774900811e-02
1.522202058933135559e-02
1.505799500571001169e-02
1.488913728982200688e-02
1.475793769777191365e-02
1.463297543954331613e-02
1.457750258816345283e-02
1.452135390873844981e-02
1.440757990212832018e-02
1.433329144042457676e-02
1.428448179521458507e-02
1.417894892546664107e-02
1.410768200835973984e-02
1.403856703520423022e-02
1.406018343222585100e-02
1.395522113863901549e-02
1.397438988854252453e-02
1.392033499525113620e-02
1.387609927413233080e-02
1.377238621410041032e-02
1.369939435624678570e-02
1.363468447028568994e-02
1.359803728181362137e-02
1.350970916168747413e-02
1.346600232865669509e-02
1.339595351433415203e-02
1.331781398005092709e-02
1.327558737686848102e-02
1.316573112508121444e-02
1.313118116918846577e-02
1.299758315995168216e-02
1.289338467852247164e-02
1.290843164116226190e-02
1.287212193873405602e-02
1.275204096793216592e-02
1.264757967602104030e-02
1.250297735854670293e-02
1.237432361115921482e-02
1.234741655301749806e-02
1.234767295410420240e-02
1.233186648042440201e-02
1.224857294589624598e-02
1.214391231290914801e-02
1.206197807537290854e-02
1.194903065740378530e-02
1.190020384794109737e-02
1.182586611173450097e-02
1.180151342263617911e-02
1.172692499736051157e-02
1.166477621155793780e-02
1.158059497310183830e-02
1.152315051059923934e-02
1.149907032488759265e-02
1.150785767336766699e-02
1.136907821538097121e-02
1.127391160145363794e-02
1.129548087929414107e-02
1.126352233243390656e-02
1.119604445384144234e-02
1.112787490990325805e-02
1.106669182997725188e-02
1.099804043384570995e-02
1.096195795162277151e-02
1.095056526460449348e-02
1.095477482547813249e-02
1.092988453810852731e-02
1.086679698982825903e-02
1.082128503429261555e-02
1.073974113665844901e-02
1.069925501173878656e-02
1.065291717893182381e-02
1.058307204104611161e-02
1.049596668996824814e-02
1.045298809623662964e-02
1.029817368441962241e-02
1.019394477167167613e-02
1.016171787613109889e-02
1.013075736947151653e-02
1.005160911950326620e-02
9.974178959794129801e-03
9.876126738332071525e-03
9.864386519534383557e-03
9.874050706198804830e-03
9.876195376708668539e-03
9.808744700869655164e-03
9.750134246175132940e-03
9.681342964682922853e-03
9.620911411354831494e-03
9.634211329241824939e-03
9.591518080077975766e-03
9.531192259598184058e-03
9.527458440286514646e-03
9.488290814395842349e-03
9.466822081746978715e-03
9.440464963969512693e-03
9.355228481644977528e-03
9.326340161058273293e-03
9.289396402313488191e-03
9.326561706755043951e-03
9.271731540157064980e-03
9.211459625391157230e-03
9.166476188492325705e-03
9.128589204979851990e-03
9.093065364516629556e-03
9.059074486048795255e-03
9.027147104735250976e-03
8.977896554450026656e-03
8.964227900921075548e-03
8.931394886441908210e-03
8.868915962635382649e-03
8.871433314268215367e-03
8.853822760399192304e-03
8.818457857660413207e-03
8.793751011158314548e-03
8.693768002170788878e-03
8.659330004303989262e-03
8.640346451706139644e-03
8.574640255963283247e-03
8.565583978421636990e-03
8.532061444185945476e-03
8.506310950611089411e-03
8.443889719632877155e-03
8.403148992752264984e-03
8.383620603902755541e-03
8.339481099439074313e-03
8.339765066594801574e-03
8.308357807023436514e-03
8.268096282829703186e-03
8.225648475679119692e-03
8.193394713705037455e-03
8.122384279866822279e-03
8.119806706373999469e-03
8.108810752745561345e-03
8.107270462255480176e-03
8.068722098388185146e-03
7.996789309313585836e-03
7.984645624317117385e-03
7.969337086451765834e-03
8.006741183882309931e-03
7.936540661422349791e-03
7.934606692484460697e-03
7.934168508314087126e-03
7.917965312797843949e-03
7.869364252622308709e-03
7.833724836409455827e-03
7.828614303879859876e-03
7.814555568371331709e-03
7.766447474477072323e-03
7.734688302978750575e-03
7.671765626605279477e-03
7.631418279141381072e-03
7.618004120703849094e-03
7.622280258331847608e-03
7.588721431482961868e-03
7.558011659630135132e-03
7.507763664525183775e-03
7.503590537343144892e-03
7.481069355593397523e-03
7.496386872117028616e-03
7.483173136080218356e-03
7.472390623535656029e-03
7.446956198509461708e-03
7.421413116551759531e-03
7.444484476925455202e-03
7.422017636610341203e-03
7.389427750554769872e-03
7.408636218671636915e-03
7.406498134566228894e-03
7.389008482851950124e-03
7.381043297110118084e-03
7.356142779202559656e-03
7.322097493607992655e-03
7.328652926333002228e-03
7.318787196475625909e-03
7.298739330843440586e-03
7.268361544133907295e-03
7.249719538490797047e-03
7.242864042547357030e-03
7.208071942580822344e-03
7.193376652499056979e-03
7.183222267124178204e-03
7.153666515446478399e-03
7.114797591827928640e-03
7.138416061040777326e-03
7.143949188664195510e-03
7.182903604473672536e-03
7.171945615065481935e-03
7.161537248909753857e-03
7.153665659517651453e-03
7.112268851326307775e-03
7.076638904832542772e-03
7.061188463414932656e-03
7.064537356190584913e-03
7.033391259620862951e-03
7.013495109616040002e-03
6.975393844750408384e-03
6.931113050048127999e-03
6.910998850130488369e-03
6.880443498386591521e-03
6.861565733326434324e-03
6.823267993845209302e-03
6.821634025445033264e-03
6.810022876092657398e-03
6.806751360693429759e-03
6.796891206245733383e-03
6.784678147562743858e-03
6.756043344035478695e-03
6.749906329695777585e-03
6.713951061716807132e-03
6.693940969340058528e-03
6.672362405218301012e-03
6.668307577044565830e-03
6.631170531093413638e-03
6.599640359231190301e-03
6.593078866818604354e-03
6.576877143266408356e-03
6.549470671123741594e-03
6.510744943888548651e-03
6.489651784878525814e-03
6.477038299239849979e-03
6.465133649335232796e-03
6.468774129975150486e-03
6.455405132517911572e-03
6.417027597040406324e-03
6.400598353404679183e-03
6.408230288220692974e-03
6.408587051515688728e-03
6.404725292315354215e-03
6.376902332828067455e-03
6.334331722494004197e-03
6.329120087625060564e-03
6.340635237106323138e-03
6.339726260394830219e-03
6.298872780314079475e-03
6.289766993772205605e-03
6.281037122755480859e-03
6.287640194164604256e-03
6.269171928865760815e-03
6.274008784470309213e-03
6.274257295700768657e-03
6.277654310751185768e-03
6.259775604042881227e-03
6.226602772130463218e-03
6.201792744974811249e-03
6.178660023311240840e-03
6.173329341151860203e-03
6.144189981549531311e-03
6.113524665395074498e-03
6.094767753492095173e-03
6.099376308055327010e-03
6.076942718955421346e-03
6.086835736453032747e-03
6.077257665200440709e-03
6.103426001196604785e-03
6.086749015763494482e-03
6.085705819301310236e-03
6.096656771061319605e-03
6.077641379736055047e-03
6.088451586375144553e-03
6.063757078411452159e-03
6.062218117203872769e-03
6.055066493610506209e-03
6.053328132621197191e-03
6.069868216966250486e-03
6.052437623586169602e-03
6.065491194450932898e-03
6.072028720199838282e-03
6.085980905329806297e-03
6.058063078292680315e-03
6.055577861734945909e-03
6.037801321761086283e-03
6.040452471090248382e-03
6.034270234254851192e-03
6.042010739998620109e-03
6.033221857720059977e-03
6.021178733193429007e-03
5.995756954731877413e-03
5.999265723463810714e-03
5.981551124150160520e-03
5.987156964588208341e-03
5.968453800874113854e-03
5.981390544711973067e-03
5.983067957049581845e-03
5.953531737542720227e-03
5.968863494690937119e-03
5.970167071593953170e-03
5.962738639937168773e-03
5.955985662126133881e-03
5.957073364454009735e-03
5.930217180173408091e-03
5.948242710841158791e-03
5.940850754511832477e-03
5.931229494614454097e-03
5.951557670124261318e-03
5.939996478192622123e-03
5.932054166962309402e-03
5.931816057711590193e-03
5.921649188696200342e-03
5.894906042253827277e-03
5.904068971391967027e-03
5.889023270664507474e-03
5.898649230745981950e-03
5.890966000965369362e-03
5.875619998880557589e-03
5.867364060431598874e-03
5.886538283541036323e-03
5.873821764245683655e-03
5.889401152416349344e-03
5.897481094640059235e-03
5.906143435053641533e-03
5.889812264040104363e-03
5.880261345351000743e-03
5.875703826452851816e-03
5.871947227111222814e-03
5.875428981733161159e-03
5.862124772271863453e-03
5.867009572016844768e-03
5.863245679508521935e-03
5.851342057588445125e-03
5.827221102933248346e-03
5.825708964589389888e-03
5.848733097944921328e-03
5.857322238223924837e-03
5.859359900638420361e-03
5.853047292144555186e-03
5.873611677362461196e-03
5.898362982975752754e-03
5.890557514718362808e-03
5.893224455570024271e-03
5.896425675929911278e-03
5.895020169058720096e-03
5.890730786878208697e-03
5.897165625106597781e-03
5.884389768315093257e-03
5.875291545762452092e-03
5.858258378844231028e-03
5.863083634820268238e-03
5.859891295479504464e-03
5.867735841803612719e-03
5.858672198998571626e-03
5.855952181677507445e-03
5.843680692614375977e-03
5.841149874834011997e-03
5.831696261614451385e-03
5.847445049182745276e-03
5.864124681312649599e-03
5.848727898514713766e-03
5.847099067416901622e-03
5.848391457586197759e-03
5.864493479785419863e-03
5.872179084921999928e-03
5.864507760908506916e-03
5.869877226202322405e-03
5.849956798985624963e-03
5.852238178171703144e-03
5.870183129153249031e-03
5.882191765801376461e-03
5.882794054705408823e-03
5.873561992191609488e-03
5.879422671227350211e-03
5.865460992011958113e-03
5.857130398917810565e-03
5.854057747117919798e-03
5.849519395798927560e-03
5.830618494965938980e-03
5.831698773553158771e-03
5.832745905693402511e-03
5.821760503689684188e-03
5.823887061793587422e-03
5.827281551985935386e-03
5.837325609708550120e-03
5.848837173476023436e-03
5.840757304672112432e-03
5.837815182728439689e-03
5.826961815363022185e-03
5.832234357726164171e-03
5.839648693367121765e-03
5.854300969905325107e-03
5.848759597677428632e-03
5.869357819249676304e-03
5.857899895566928521e-03
5.855099814100339119e-03
5.855801535704579543e-03
5.844527619080333407e-03
5.848622182311338270e-03
5.870852639470730897e-03
5.865226549920070712e-03
5.867460558850507227e-03
5.873371743105929715e-03
5.893480510439927725e-03
5.894361995193809177e-03
5.895443928085114180e-03
5.899089943631042818e-03
5.883192632233645407e-03
5.898022770732526572e-03
5.892806107377942908e-03
5.886464948711015235e-03
5.882441499497255595e-03
5.894950709406426327e-03
5.891967476571379272e-03
5.898033826237490326e-03
5.896311550860225056e-03
5.891622148255253565e-03
5.903911630665573118e-03
5.903125083655265393e-03
5.892033237846714191e-03
5.905758318766010651e-03
5.906528961366417328e-03
5.915381231961124725e-03
5.924229932849247975e-03
5.937811634761158870e-03
5.941123141494255092e-03
5.950768094568053418e-03
5.938911867726400125e-03
5.954441386089425609e-03
5.952261528748738727e-03
5.948886153553569617e-03
5.933849826897856332e-03
5.935283067705592400e-03
5.941654892464798450e-03
5.938050770182813631e-03
5.948830879469156792e-03
5.968323590741075185e-03
5.961567643370364877e-03
5.953601415947962910e-03
5.955895123633576579e-03
5.983676386083013055e-03
5.975376999317767550e-03
5.972995022761733511e-03
5.983294298573896622e-03
5.974740257134561125e-03
5.965053450558228422e-03
5.950824660477220182e-03
5.972275658603681987e-03
5.990832651250670333e-03
5.987281057816659126e-03
5.989653585442049170e-03
5.968028355260314444e-03
5.990737698869139961e-03
6.000229900358497979e-03
6.017381653789886410e-03
6.032033184190589876e-03
6.028774854851903439e-03
6.029976861795976854e-03
6.030689504947810663e-03
6.006688085764872245e-03
6.017241434691891419e-03
6.012877453582785719e-03
6.005688146093997488e-03
5.990042182146881888e-03
5.983334334122354659e-03
5.980054772428237964e-03
5.978268399136917217e-03
5.973596788795975873e-03
5.976324430932451054e-03
5.960553087497389921e-03
5.979533259405428978e-03
5.991005959500425061e-03
5.991817050673489686e-03
5.998398469591718213e-03
6.015937773389110413e-03
6.015090319382796966e-03
6.025184022507221182e-03
6.047860891825351803e-03
6.050413840579433461e-03
6.039591185074215905e-03
6.038360701546627643e-03
6.019597696958344998e-03
